  7.9420322e+001  7.2932425e+001
  7.8117617e+001  7.0208108e+001
  7.8338339e+001  7.0771954e+001
  7.8627662e+001  7.1016197e+001
  7.8438182e+001  7.1109791e+001
  7.7652142e+001  6.9878652e+001
  7.7625919e+001  6.9954299e+001
  7.7795073e+001  6.9717972e+001
  7.7241796e+001  6.9188294e+001
  7.7598232e+001  6.9706657e+001
  7.7533228e+001  6.9959785e+001
  7.7834926e+001  7.0015170e+001
  7.7874996e+001  6.9665986e+001
  7.7988547e+001  7.0496366e+001
  7.8179821e+001  7.0282420e+001
  7.8757427e+001  7.1255522e+001
  7.7922356e+001  7.0523485e+001
  7.7622023e+001  6.9671185e+001
  7.7618763e+001  6.9257716e+001
  7.7760503e+001  7.0279079e+001
  7.8987170e+001  7.0905310e+001
  7.9116938e+001  7.1182038e+001
  7.8215164e+001  7.0873582e+001
  7.8424041e+001  7.1326302e+001
  7.7853377e+001  7.0060649e+001
  7.8041156e+001  7.0157319e+001
  7.7473012e+001  6.9295539e+001
  7.8851205e+001  7.0547745e+001
  7.8535356e+001  7.1001501e+001
  7.8238071e+001  7.0352664e+001
  7.8860428e+001  7.1345021e+001
  7.8227313e+001  7.0661100e+001
  7.7656378e+001  6.9902378e+001
  7.7838310e+001  6.9991998e+001
  7.7314710e+001  6.9374927e+001
  7.7875199e+001  7.0417841e+001
  7.9022881e+001  7.1834464e+001
  7.8724882e+001  7.1851689e+001
  7.8878602e+001  7.1203521e+001
  7.8124230e+001  7.0390851e+001
  7.7964521e+001  6.9812881e+001
  7.8006601e+001  6.9474841e+001
  7.8082942e+001  7.0096120e+001
  7.8416333e+001  7.0481013e+001
  7.8979573e+001  7.1474381e+001
  7.7853106e+001  7.0173747e+001
  7.8202696e+001  7.0059131e+001
  7.7658267e+001  6.9634893e+001
  7.8827509e+001  7.0402613e+001
  8.3545108e+001  7.4526147e+001
  7.8178751e+001  6.9697147e+001
  7.8534998e+001  7.0703515e+001
  7.8241377e+001  7.0655268e+001
  7.9437693e+001  7.1648152e+001
  7.8573347e+001  7.1161324e+001
  7.8119039e+001  7.0051011e+001
  7.7931011e+001  6.9866351e+001
  7.9022962e+001  7.1425424e+001
  7.8784185e+001  7.1268177e+001
  7.7557791e+001  6.9941236e+001
  7.7982823e+001  6.9882246e+001
  7.8236758e+001  7.0967025e+001
  7.7694674e+001  7.0299484e+001
  7.7511634e+001  6.9715175e+001
  7.7673950e+001  6.9855381e+001
  7.9765735e+001  7.2201883e+001
  7.8654140e+001  7.0922933e+001
  7.9115809e+001  7.1832843e+001
  7.7875411e+001  6.9695141e+001
  7.9166825e+001  7.1437275e+001
  7.8515382e+001  7.0747861e+001
  7.8624463e+001  7.1309837e+001
  7.8322800e+001  7.0741826e+001
  7.7218041e+001  6.9784167e+001
  7.8250437e+001  7.0486461e+001
  7.8217405e+001  6.9952524e+001
  7.8143094e+001  6.9874659e+001
  7.8020834e+001  7.0257891e+001
  7.8778730e+001  7.1188714e+001
  7.8110076e+001  7.0478347e+001
  7.8526802e+001  7.0418122e+001
  8.0423242e+001  7.2707279e+001
  7.8360977e+001  7.0783896e+001
  7.7581783e+001  6.8984668e+001
  7.8246476e+001  7.0594592e+001
  7.8578460e+001  7.0759522e+001
  7.8519219e+001  7.1018472e+001
  7.8903801e+001  7.0715877e+001
  7.9814989e+001  7.2348603e+001
  7.7929105e+001  7.0024994e+001
  7.7844428e+001  7.0246725e+001
  7.7924003e+001  7.0586831e+001
  7.8195090e+001  7.0459776e+001
  7.8025305e+001  7.0523075e+001
  7.7335598e+001  6.9887275e+001
  7.7589472e+001  6.9965817e+001
  7.5996091e+001  6.7358657e+001
  7.7048922e+001  6.8727578e+001
  7.7901856e+001  7.0355727e+001
  7.8463705e+001  7.0859470e+001
  7.9072112e+001  7.1939406e+001
  7.8256323e+001  7.1002068e+001
  7.8137577e+001  7.0682772e+001
  7.8057013e+001  7.0421098e+001
  7.7787782e+001  7.0298049e+001
  7.8110697e+001  7.0455397e+001
  7.8631928e+001  7.1371084e+001
  7.7631316e+001  6.9896458e+001
  7.8044602e+001  7.0522128e+001
  7.8185193e+001  7.1339651e+001
  7.8466518e+001  7.0673875e+001
  7.8161151e+001  7.0629328e+001
  7.9058961e+001  7.1154980e+001
  7.8478442e+001  7.0974680e+001
  7.8406771e+001  7.1359816e+001
  7.9002334e+001  7.2139990e+001
  7.8188200e+001  7.1202975e+001
  7.8636674e+001  7.0759767e+001
  7.8162584e+001  7.0179297e+001
  7.8043143e+001  7.0372096e+001
  7.8870110e+001  7.1418904e+001
  7.8454037e+001  7.0912990e+001
  7.8814503e+001  7.1588447e+001
  7.8150901e+001  7.1000439e+001
  7.8434239e+001  7.0976180e+001
  7.8615919e+001  7.1040673e+001
  7.8308372e+001  7.0714447e+001
  7.8548308e+001  7.1256948e+001
  7.7767978e+001  7.0380760e+001
  7.8359386e+001  7.1231460e+001
  7.8315084e+001  7.1162919e+001
  7.8602745e+001  7.0962424e+001
  7.8483705e+001  7.0584650e+001
  7.9622700e+001  7.2424229e+001
  7.9903893e+001  7.3155866e+001
  7.9028005e+001  7.1636542e+001
  7.8585134e+001  7.0904241e+001
  7.8425161e+001  7.0589719e+001
  7.7659828e+001  6.9861044e+001
  7.8807194e+001  7.0919677e+001
  7.7882457e+001  7.0328165e+001
  7.8464847e+001  7.1510919e+001
  7.7976624e+001  7.0674618e+001
  7.7616387e+001  7.0150353e+001
  7.7396445e+001  6.9662066e+001
  7.7841288e+001  7.0234291e+001
  7.7304421e+001  6.9589376e+001
  7.7889661e+001  6.9697297e+001
  7.7880263e+001  6.9995295e+001
  7.7437834e+001  6.9933385e+001
  7.7592862e+001  6.9613077e+001
  7.8080310e+001  7.0411847e+001
  7.7929459e+001  7.0143281e+001
  7.7807841e+001  7.0134049e+001
  7.8486033e+001  7.0978087e+001
  8.0446856e+001  7.3313432e+001
  7.9375965e+001  7.2311519e+001
  7.9811491e+001  7.2132456e+001
  7.8856493e+001  7.1525566e+001
  7.8952272e+001  7.1804164e+001
  7.7896098e+001  7.0480269e+001
  7.7657674e+001  7.0142074e+001
  7.7884837e+001  7.0420253e+001
  7.7887240e+001  7.0064602e+001
  7.7520476e+001  6.9736178e+001
  7.7320425e+001  6.9749783e+001
  7.7926664e+001  6.9692867e+001
  7.7550505e+001  7.0174969e+001
  7.7062415e+001  6.9635043e+001
  7.7557830e+001  6.9887202e+001
  7.7743595e+001  7.0001372e+001
  7.8476555e+001  7.0830774e+001
  7.7828850e+001  6.9993502e+001
  7.8171512e+001  7.0649315e+001
  7.7612414e+001  6.9801297e+001
  7.7570866e+001  7.0330098e+001
  7.7299493e+001  6.9447184e+001
  7.7067924e+001  6.9253076e+001
  7.7270180e+001  6.9690401e+001
  7.7185889e+001  6.9641577e+001
  7.7482003e+001  6.9922283e+001
  7.7689723e+001  7.0314933e+001
  7.7686569e+001  6.9470374e+001
  7.7774967e+001  6.9871288e+001
  7.7487694e+001  6.9787624e+001
  7.7442550e+001  6.9626710e+001
  7.7276685e+001  6.9588195e+001
  7.7517897e+001  7.0023032e+001
  7.9150650e+001  7.1832977e+001
  7.7889419e+001  7.0154600e+001
  7.7653726e+001  6.9848340e+001
  7.7944937e+001  6.9919690e+001
  7.7644035e+001  6.9643792e+001
  7.8220433e+001  7.1009760e+001
  7.7467294e+001  6.9778058e+001
  7.7540901e+001  6.9506862e+001
  7.6982227e+001  6.9491878e+001
  7.7123093e+001  6.9081958e+001
  7.7547612e+001  6.9678694e+001
  7.7381996e+001  6.9385735e+001
  7.7478101e+001  6.9517759e+001
  7.7618683e+001  7.0025751e+001
  7.7281161e+001  6.9948730e+001
  7.7223819e+001  6.9851380e+001
  7.7574715e+001  6.9661769e+001
  7.7877359e+001  6.9902829e+001
  7.8016199e+001  6.9822907e+001
  7.7891758e+001  7.0207284e+001
  7.7843041e+001  6.9990919e+001
  7.7198236e+001  6.9899903e+001
  7.7501351e+001  7.0252403e+001
  7.7821615e+001  7.0030273e+001
  7.7168655e+001  6.9066839e+001
  7.8097406e+001  7.0584716e+001
  7.8025655e+001  7.0057542e+001
  7.7999759e+001  7.0390444e+001
  7.8319665e+001  7.1194141e+001
  7.9517697e+001  7.2820023e+001
  7.7947770e+001  6.9703724e+001
  7.7680128e+001  6.9731760e+001
  7.7954270e+001  7.0065412e+001
  7.7707341e+001  7.0167419e+001
  7.7454008e+001  6.9543805e+001
  7.7665153e+001  6.9325935e+001
  7.7851868e+001  7.0082707e+001
  7.8354378e+001  7.0432051e+001
  7.7426903e+001  6.9364589e+001
  7.7404411e+001  6.9238977e+001
  7.7774504e+001  7.0394911e+001
  7.8770917e+001  7.1121256e+001
  7.7785295e+001  6.9718784e+001
  7.7713137e+001  6.9947733e+001
  7.7672190e+001  6.9684800e+001
  7.8185766e+001  6.9905912e+001
  7.7803706e+001  6.9944671e+001
  7.8639297e+001  7.1044833e+001
  7.8030551e+001  7.0373442e+001
  7.8262450e+001  7.0941627e+001
  7.8110908e+001  7.0497315e+001
  7.7794351e+001  7.0011776e+001
  7.8265755e+001  7.0177903e+001
  7.7887165e+001  7.0085602e+001
  7.8616469e+001  7.0840130e+001
  7.8086209e+001  7.0379397e+001
  7.7982016e+001  7.0548153e+001
  7.8090613e+001  7.0739613e+001
  7.7866253e+001  6.9699867e+001
  7.7576501e+001  6.9092271e+001
  7.8757053e+001  7.1401156e+001
  7.8452288e+001  7.0665950e+001
  7.8804212e+001  7.0868635e+001
  7.8984196e+001  7.1128813e+001
  7.8877237e+001  7.1255517e+001
  7.8262660e+001  7.0535260e+001
  7.8868107e+001  7.1590242e+001
  7.8740295e+001  7.1299523e+001
  7.9770812e+001  7.2195948e+001
  7.9450039e+001  7.2044669e+001
  7.9040716e+001  7.1406421e+001
  7.8995118e+001  7.1224055e+001
  7.8605993e+001  7.0673027e+001
  7.9448382e+001  7.1978444e+001
  7.9734382e+001  7.1834525e+001
  7.9517380e+001  7.1783452e+001
  7.9592876e+001  7.1835934e+001
  7.9072925e+001  7.1283587e+001
  7.9626271e+001  7.2029352e+001
  7.9289971e+001  7.1703524e+001
  7.8703676e+001  7.1074327e+001
  7.9457124e+001  7.2366672e+001
  7.8967972e+001  7.1053891e+001
  7.8725816e+001  7.0881349e+001
  7.9035046e+001  7.1748477e+001
  7.9039256e+001  7.1371238e+001
  7.9170009e+001  7.1735783e+001
  7.9404825e+001  7.1567224e+001
  7.9318040e+001  7.1615071e+001
  7.8908583e+001  7.0970198e+001
  7.7928686e+001  6.9770954e+001
  7.8837641e+001  7.0361542e+001
  7.9021947e+001  7.1411333e+001
  7.8649747e+001  7.0750483e+001
  7.9445566e+001  7.1821846e+001
  7.9964830e+001  7.2634658e+001
  7.9775008e+001  7.1890600e+001
  7.9096703e+001  7.1713404e+001
  7.9708651e+001  7.1383838e+001
  8.0784547e+001  7.2666212e+001
  7.9950141e+001  7.2739690e+001
  7.9348961e+001  7.1544040e+001
  7.8564670e+001  7.0576745e+001
  7.9413588e+001  7.1604228e+001
  7.9288490e+001  7.1804121e+001
  7.8845907e+001  7.1308907e+001
  7.9224384e+001  7.1666677e+001
  7.8931632e+001  7.1013743e+001
  7.8944932e+001  7.0538374e+001
  7.9014927e+001  7.1398485e+001
  7.9181111e+001  7.1675456e+001
  7.9278229e+001  7.1952104e+001
  7.9375424e+001  7.1894085e+001
  7.9311232e+001  7.1983591e+001
  7.8626980e+001  7.0766358e+001
  7.8349625e+001  7.0237854e+001
  7.8962267e+001  7.1452399e+001
  7.9064513e+001  7.0780522e+001
  7.9426122e+001  7.2047125e+001
  7.9354354e+001  7.1932829e+001
  7.8463046e+001  7.0756973e+001
  7.8834473e+001  7.0857743e+001
  7.9668232e+001  7.1520094e+001
  7.9535437e+001  7.1968796e+001
  7.9271330e+001  7.1763479e+001
  7.9009599e+001  7.1166658e+001
  7.9329266e+001  7.1571294e+001
  7.8923012e+001  7.1300969e+001
  7.8521554e+001  7.0882658e+001
  7.9346305e+001  7.1625907e+001
  7.9397401e+001  7.1507094e+001
  7.9386731e+001  7.2010283e+001
  7.8940695e+001  7.1977900e+001
  7.9749048e+001  7.2039071e+001
  7.7468126e+001  6.9115627e+001
  7.8643517e+001  7.1355853e+001
  7.9463827e+001  7.1430080e+001
  7.9642779e+001  7.1875616e+001
  7.9635598e+001  7.2301946e+001
  7.8614272e+001  7.0552771e+001
  7.6974699e+001  6.8603528e+001
  7.8844356e+001  7.0939149e+001
  7.9603390e+001  7.1806924e+001
  7.8916604e+001  7.1203656e+001
  7.9670225e+001  7.1328356e+001
  7.9844348e+001  7.1847534e+001
